Year	60F04T02C	60F04T04C	70F15T03C	70F15T31C	70F16T02C	70F16T03C	70F16T04C	70F16T09C	70F32T01C	70F34T01C	70F34T02C	70F34T04C	70F34T05C	70F34T06C	70F34T31C	70F34T32C	70F34T33C	70F39T11C	70F39T12C	70F39T13C	70F39T14C	70F39T15C	80F33T01C	80F33T03C	80F33T07C	80F33T09C	80F35T01C	80F35T02C	80F35T03C	80F35T04C	80F35T06C	80F35T11C	80F35T12C	80F35T31C	80F35T32C	80F35T33C_REDO
1971									1.683																											
1972		2.801							1.965																											
1973		1.787				1.615			1.513																											
1974		1.236				2.022	2.242		1.485																											
1975		1.531				1.071	1.989		3.099																											
1976	0.445	1.105				0.646	2.485		3.752											2.011																
1977	0.382	0.803				0.382	1.590		2.405											2.342																
1978	0.455	0.589	1.819		1.261	0.691	1.215		2.575											2.531	1.985															
1979	1.529	0.763	1.482	0.846	0.344	0.499	0.498	0.312	2.425											2.836	2.342															
1980	0.572	0.653	1.325	1.874	0.993	0.492	0.602	0.828	1.563	0.834										5.234	2.475															
1981	0.859	1.021	1.048	0.973	0.743	0.870	0.737	1.079	2.036	0.640								1.736	1.126	2.246	2.246	2.413														
1982	0.971	2.365	1.116	0.371	0.790	1.426	0.171	1.560	1.823	0.575	0.871							1.492	1.836	2.572	2.920	3.122														
1983	0.981	2.103	0.454	0.232	0.715	0.894	0.668	1.378	1.746	0.630	1.437	0.966					1.269	3.086	1.102	3.710	1.417	1.578														
1984	0.489	1.173	0.669	0.403	0.608	0.967	0.818	2.777	1.598	0.788	0.434	1.040					1.327	2.405	0.682	2.673	1.448	2.127														
1985	0.630	1.060	0.521	0.465	1.522	0.974	0.529	1.751	1.937	0.883	1.153	0.587		1.632		1.143	0.758	1.196	1.462	1.976	2.003	1.694														
1986	0.731	1.585	0.531	0.551	1.114	1.181	0.668	1.724	1.640	0.627	0.988	1.192		1.302	0.455	0.413	0.611	1.742	1.771	1.642	1.454	1.547														
1987	0.599	1.616	0.668	0.709	0.864	0.887	0.906	2.608	1.122	0.768	1.303	0.890	1.175	2.326	1.037	0.434	0.355	1.291	1.251	2.080	1.446	2.351														
1988	0.556	1.476	0.714	0.582	0.828	1.081	0.979	0.000	1.059	0.584	1.185	0.884	1.609	2.355	1.101	0.635	0.729	1.461	1.543	1.868	1.127	1.144														
1989	1.008	1.584	0.745	0.666	0.983	1.045	0.896	1.523	0.730	0.533	1.184	1.110	1.655	2.170	0.635	0.603	0.303	1.797	1.759	1.663	1.370	1.398														
1990	0.504	1.190	0.607	0.699	1.126	0.916	0.671	1.491	0.878	0.625	0.893	0.849	1.356	2.354	0.340	0.455	0.534	1.871	1.796	1.367	0.948	1.685														
1991	0.835	1.753	0.332	0.646	0.839	1.613	0.816	1.741	0.974	0.310	0.540	1.025	1.377	2.307	0.550	0.466	0.552	1.991	1.611	1.214	0.837	1.504														
1992	1.032	1.436	0.503	0.508	0.566	1.411	0.996	1.417	1.079	0.532	0.567	0.490	1.206	3.531	0.349	0.783	0.467	1.732	1.231	1.247	0.943	1.398									1.734					
1993	0.767	1.486	0.614	0.254	0.386	0.788	1.260	1.192	1.027	0.956	0.798	0.637	2.128	3.284	0.635	0.476	0.390	1.641	1.148	1.319	0.696	0.847	3.207								2.796					
1994	1.159	1.041	1.192	0.359	0.990	0.557	0.944	1.703	1.027	1.169	0.657	0.908	1.904	1.839	1.175	0.603	0.447	1.922	1.411	1.251	0.684	1.008	1.791	1.133	0.942				1.448		0.794					
1995	0.942	0.997	0.763	0.413	1.049	0.331	0.683	0.756	1.069	1.444	1.050	0.737	1.085	1.852	0.995	0.656	0.781	1.492	1.802	1.314	0.739	0.699	1.218	1.528	0.826		1.133		2.708		0.773					
1996	1.202	0.914	0.723	0.275	0.432	0.682	0.564	1.682	1.069	0.797	0.393	1.483	2.473	1.063	0.624	0.889	0.655	1.768	1.536	0.816	0.719	0.668	0.777	0.795	0.741	1.064	1.365		0.994	1.228	0.455	0.624	1.767	1.047	1.280	
1997	1.218	1.051	0.241	0.191	0.195	0.469	0.353	1.608	0.793	1.288	0.726	0.643	1.233	1.253	0.709	0.921	0.693	1.335	1.674	0.339	0.965	0.783	0.829	0.650	0.403	0.555	1.376		0.942	2.075	0.783	0.498	2.498	1.662	0.159	
1998	0.997	0.658	0.523	0.360	0.191	0.469	0.715	0.660	0.603	1.875	1.058	1.369	2.050	2.444	0.646	0.381	0.411	1.186	0.593	0.615	0.385	0.604	0.586	0.912	0.412	0.605	0.561	1.852	0.635	1.701	0.689	0.455	1.334	0.899	0.942	
1999	1.038	0.807	0.559	0.296	0.468	0.489	0.544	1.149	0.434	0.868	0.773	2.025	3.081	1.086	0.699	0.551	0.672	0.383	0.837	0.943	0.140	0.604	0.712	0.835	1.149	0.587	0.846	0.891	0.947	1.674	1.093	0.423	1.058	0.551	0.508	2.714
2000	0.917	0.860	0.619	0.265	0.409	0.627	0.342	1.693	0.392	0.816	0.407	1.351	1.557	0.419	1.365	0.264	0.771	0.480	1.069	0.382	0.329	0.740	0.362	0.323	0.917	0.497	0.604	0.797	1.056	1.182	0.691	0.688	0.593	0.465	0.550	1.416
2001	0.931	0.922	0.412	0.158	0.578	0.280	0.426	0.833	0.434	1.316	1.189	0.914	0.948	1.690	0.878	0.487	0.729	1.154	0.677	0.413	0.472	0.688	0.342	0.271	0.244	0.522	0.592	1.169	0.956	1.486	1.050	0.603	1.047	0.360	0.540	0.616
2002	0.786	0.783	0.583	0.170	0.285	0.277	0.469	0.848	0.360	1.590	1.436	1.494	1.714	1.857	0.572	0.868	0.606	0.914	0.317	0.614	0.226	0.741	0.832	0.920	0.978	0.899	0.307	1.055	0.701	1.671	1.040	0.889	1.027	0.826	0.519	0.515
2003	0.301	0.435	0.318	0.074	0.621	0.293	0.204	0.563	0.540	1.271	1.189	1.624	1.281	1.992	0.571	0.349	0.631	0.865	0.434	0.615	0.308	0.212	0.809	1.604	0.767	0.814	0.667	1.264	1.055	1.761	1.310	0.551	1.164	0.984	0.688	0.507
2004	0.620	0.624	0.399	0.137	0.284	0.343	0.191	0.647	0.402	1.261	1.587	0.954	1.113	1.394	0.169	0.455	0.088	1.358	0.561	0.445	0.532	0.317	0.426	0.712	1.203	0.412	0.878	1.640	1.127	0.830	0.616	0.561	0.614	0.540	0.434	0.611
2005	0.943	0.689	0.498	0.096	0.597	0.667	0.278	1.050	0.455	1.017	1.152	1.195	1.304	1.480	0.085	0.127	0.272	1.027	0.508	0.466	0.489	0.360	1.224	1.563	1.016	0.568	0.911	1.606	1.154	1.456	0.936	0.846	0.741	0.719	0.370	0.687
2006	0.901	0.720	0.560	0.148	0.965	0.375	0.341	1.124	0.169	0.688	0.519	1.051	1.026	0.509	0.593	0.508	0.813	0.568	0.275	0.477	0.393	0.393	0.810	0.934	1.324	0.335	0.656	0.631	0.491	1.577	0.672	0.688	0.931	0.508	0.455	0.722
2007	0.958	0.869	0.277	0.063	0.561	0.318	0.403	0.785	0.169	1.355	1.274	0.644	0.647	1.422	0.529	0.656	0.501	0.450	0.720	0.626	0.372	0.085	0.693	0.742	1.340	0.596	0.666	0.985	0.780	1.422	0.445	0.286	0.783	0.265	0.519	0.401
2008	0.932	0.784	0.193	0.180	0.493	0.452	0.382	0.933	0.212	1.196	1.335	1.138	1.100	1.478	0.349	0.508	0.141	0.911	0.857	0.497	0.321	0.266	0.713	0.487	1.153	0.275	0.889	1.140	0.634	1.359	0.605	0.730	0.244	0.116	0.476	0.990
2009	1.184	0.911	0.428	0.117	0.479	0.587	0.277	0.953	0.138	1.122	0.958	0.739	1.137	1.461	0.307	0.466	0.444	0.175	0.529	0.350	0.171	0.265	0.237	0.296	0.937	0.331	0.519	0.799	0.694	1.593	0.456	0.603	0.486	0.244	0.137	0.911
2010	0.415	0.573	0.705	0.117	0.265	0.265	0.330	0.584	0.127	1.323	1.256	0.665	1.182	2.320	0.688	0.455	0.456	0.574	0.350	0.565	0.158	0.244	0.523	0.968	0.881	0.553	0.455	0.437	0.321	1.449	0.413	0.403	0.297	0.212	0.276	0.347
2011	0.449	0.807	0.502	0.116	0.457	0.489	0.425	1.430	0.095	0.806	0.650	1.338	1.674	1.239	0.667	0.455	0.293	0.250	0.444	0.425	0.225	0.201	0.000	0.451	1.040	0.284	0.371	0.352	0.349	1.049	0.225	0.338	0.243	0.201	0.179	0.259
2012	0.417	0.818	0.867	0.064	0.268	0.349	0.277	1.103	0.053	1.560	1.158	0.509	1.115	1.497	0.402	0.180	0.282	0.277	0.635	0.968	0.362	0.213	0.407	0.452	0.477	0.749	0.381	0.531	0.437	1.981	0.499	0.000	0.159	0.137	0.255	0.331
2013	0.991	0.881	1.189	0.063	0.361	0.470	0.606	1.040	0.095	1.616	1.449	0.616	1.361	1.382	0.318	0.339	0.413	0.376	0.339	0.792	0.127	0.148	0.439	0.590	0.751	0.844	0.105	0.202	0.254	1.907	0.509	0.148	0.243	0.148	0.148	0.269
2014	0.705	1.010	1.165	0.107	0.393	0.098	0.301	0.403	0.138	1.400	1.302	0.744	1.866	1.757	0.539	0.370	0.229	0.087	0.571	0.459	0.298	0.169	0.684	0.846	0.501	0.984	0.371	0.297	0.449	1.843	0.447	0.244	0.328	0.191	0.137	0.181
2015	0.940	0.935	0.299	0.086	0.631	0.120	0.449	0.604	0.074	0.807	0.462	0.755	1.547	0.588	0.508	0.159	0.215	0.268	0.371	0.235	0.361	0.127	0.212	0.409	0.626	0.602	0.656	0.267	0.319	1.611	0.262	0.159	0.212	0.201	0.085	0.088
2016	0.639	0.573	0.365	0.074	0.185	0.183	0.096	0.741	0.063	0.789	0.416	0.168	0.448	0.724	0.455	0.212	0.129	0.215	0.296	0.267	0.265	0.085	0.204	0.364	1.064	0.911	0.751	0.490	0.345	1.531	0.362	0.264	0.233	0.148	0.116	0.195
2017	0.447	0.765	0.611	0.106	0.161	0.174	0.181	0.667	0.054	1.031	0.580	0.174	0.386	0.874	0.360	0.412	0.196	0.140	0.127	0.213	0.192	0.116	0.096	0.350	0.336	0.629	0.286	0.255	0.107	1.721	0.457	0.212	0.275	0.054	0.106	0.193
2018	0.564	0.997	0.512	0.085	0.128	0.288	0.208	1.132	0.064	0.984	0.816	0.088	0.385	0.825	0.402	0.201	0.164	0.081	0.106	0.298	0.159	0.075	0.075	0.235	0.429	0.910	0.413	0.320	0.118	1.515	0.439	0.370	0.424	0.075	0.074	0.214
2019	0.594	0.787	1.241	0.075	0.214	0.272	0.298	1.039	0.063	1.661	1.125	0.161	0.519	1.720	0.360	0.106	0.065	0.116	0.106	0.502	0.086	0.117	0.301	0.459	0.760	0.827	0.413	0.138	0.139	1.398	0.606	0.159	0.052	0.075	0.138	0.131
2020	0.594	0.679	1.025	0.095	0.157	0.303	0.388	0.846	0.095	1.420	1.399	0.255	0.892	2.016	0.085	0.191	0.043	0.150	0.063	0.309	0.191	0.075	0.183	0.213	0.680	0.868	0.529	0.140	0.044	0.858	0.341	0.212	0.117	0.064	0.169	0.064
2021	0.767	0.914	1.002	0.074	0.224	0.399	0.405	1.051	0.085	1.367	1.157	0.311	1.067	1.710	0.074	0.190	0.057	0.247	0.138	0.301	0.211	0.063	0.289	0.235	0.412	0.425	0.476	0.140	0.047	0.890	0.226	0.074	0.190	0.053	0.138	0.075
2022	1.241	1.389	1.110	0.086	0.199	0.367	0.376	1.294	0.065	1.968	1.493	0.329	1.062	1.627	0.074	0.042	0.065	0.141	0.190	0.522	0.192	0.053	0.609	0.715	0.477	0.680	0.212	0.201	0.095	1.229	0.448	0.095	0.117	0.063	0.148	0.097
2023	0.827	0.935	1.046	0.116	0.168	0.205	0.151	1.106	0.053	1.753	1.131	0.693	1.319	1.654	0.064	0.032	0.087	0.312	0.138	0.663	0.107	0.044	0.621	0.648		0.720	0.169	0.111	0.054	1.588	0.468	0.032	0.158	0.064	0.042	0.075
2024	0.698	0.594	0.696	0.075	0.109	0.151	0.148	0.657	0.074	1.030	0.881	0.514	1.135	1.136	0.086	0.043	0.054	0.183	0.296	0.287	0.201	0.063	0.447			0.526	0.265	0.129	0.054	1.504	0.394	0.106	0.106	0.075	0.053	0.076
